date,CPU 1
1,15.61
2,24.33
3,24.33
4,24.33
5,24.33
6,24.33
7,31.55
8,31.55
9,31.55
10,31.55
11,31.55
12,8.66
13,8.66
14,8.66
15,8.66
16,8.66
17,18.24
18,18.24
19,18.24
20,18.24
21,18.24
22,8.69
23,8.69
24,8.69
25,8.69
26,8.69
27,24.83
28,24.83
29,24.83
30,24.83
31,24.83
32,24.12
33,24.12
34,24.12
35,24.12
36,24.12
37,20.25
38,20.25
39,20.25
40,20.25
41,20.25
42,17.19
43,17.19
44,17.19
45,17.19
46,17.19
47,19.81
48,19.81
49,19.81
50,19.81
51,19.81
52,25.63
53,25.63
54,25.63
55,25.63
56,25.63
57,14.76
58,14.76
59,14.76
60,14.76
61,14.76
62,16.81
63,16.81
64,16.81
65,16.81
66,16.81
67,27.32
68,27.32
69,27.32
70,27.32
71,27.32
72,28.94
73,28.94
74,28.94
75,28.94
76,28.94
77,19.69
78,19.69
79,19.69
80,19.69
81,19.69
82,9.64
83,9.64
84,9.64
85,9.64
86,9.64
87,22.16
88,22.16
89,22.16
90,22.16
91,22.16
92,8.96
93,8.96
94,8.96
95,8.96
96,8.96
97,14.55
98,14.55
99,14.55
100,14.55
101,14.55
102,6.56
103,6.56
104,6.56
105,6.56
106,6.56
107,19.10
108,19.10
109,19.10
110,19.10
111,19.10
112,11.57
113,11.57
114,11.57
115,11.57
116,11.57
117,4.45
118,4.45
119,4.45
120,4.45
121,4.45
122,8.69
123,8.69
124,8.69
125,8.69
126,8.69
127,9.00
128,9.00
129,9.00
130,9.00
131,9.00
132,6.19
133,6.19
134,6.19
135,6.19
136,6.19
137,10.68
138,10.68
139,10.68
140,10.68
141,10.68
142,11.00
143,11.00
144,11.00
145,11.00
146,11.00
147,15.68
148,15.68
149,15.68
150,15.68
151,15.68
152,13.19
153,13.19
154,13.19
155,13.19
156,13.19
157,7.38
158,7.38
159,7.38
160,7.38
161,7.38
162,10.74
163,10.74
164,10.74
165,10.74
166,10.74
167,13.81
168,13.81
169,13.81
170,13.81
171,13.81
172,7.39
173,7.39
174,7.39
175,7.39
176,7.39
177,18.37
178,18.37
179,18.37
180,18.37
181,18.37
182,36.92
183,36.92
184,36.92
185,36.92
186,36.92
187,27.64
188,27.64
189,27.64
190,27.64
191,27.64
192,13.08
193,13.08
194,13.08
195,13.08
196,13.08
197,25.98
198,25.98
199,25.98
200,25.98
201,25.98
202,27.94
203,27.94
204,27.94
205,27.94
206,27.94
207,28.00
208,28.00
209,28.00
210,28.00
211,28.00
212,32.70
213,32.70
214,32.70
215,32.70
216,32.70
217,2.13
218,2.13
219,2.13
220,2.13
221,2.13
222,14.04
223,14.04
224,14.04
225,14.04
226,14.04
227,20.62
228,20.62
229,20.62
230,20.62
231,20.62
232,10.68
233,10.68
234,10.68
235,10.68
236,10.68
237,9.06
238,9.06
239,9.06
240,9.06
241,9.06
242,4.31
243,4.31
244,4.31
245,4.31
246,4.31
247,6.81
248,6.81
249,6.81
250,6.81
251,6.81
252,24.84
253,24.84
254,24.84
255,24.84
256,24.84
257,18.51
258,18.51
259,18.51
260,18.51
261,18.51
262,24.55
263,24.55
264,24.55
265,24.55
266,24.55
267,16.58
268,16.58
269,16.58
270,16.58
271,16.58
272,19.72
273,19.72
274,19.72
275,19.72
276,19.72
277,10.58
278,10.58
279,10.58
280,10.58
281,10.58
282,21.20
283,21.20
284,21.20
285,21.20
286,21.20
287,11.68
288,11.68
289,11.68
290,11.68
291,11.68
292,4.46
293,4.46
294,4.46
295,4.46
296,4.46
297,9.62
298,9.62
299,9.62
300,9.62
301,9.62
302,5.31
303,5.31
304,5.31
305,5.31
306,5.31
307,13.47
308,13.47
309,13.47
310,13.47
311,13.47
312,24.29
313,24.29
314,24.29
315,24.29
316,24.29
317,13.80
318,13.80
319,13.80
320,13.80
321,13.80
322,16.74
323,16.74
324,16.74
325,16.74
326,16.74
327,16.06
328,16.06
329,16.06
330,16.06
331,16.06
332,27.23
333,27.23
334,27.23
335,27.23
336,27.23
337,17.71
338,17.71
339,17.71
340,17.71
341,17.71
342,8.56
343,8.56
344,8.56
345,8.56
346,8.56
347,8.93
348,8.93
349,8.93
350,8.93
351,8.93
352,11.81
353,11.81
354,11.81
355,11.81
356,11.81
357,7.32
358,7.32
359,7.32
360,7.32
361,7.32
362,3.27
363,3.27
364,3.27
365,3.27
366,3.27
367,3.00
368,3.00
369,3.00
370,3.00
371,3.00
372,5.81
373,5.81
374,5.81
375,5.81
376,5.81
377,17.26
378,17.26
379,17.26
380,17.26
381,17.26
382,16.12
383,16.12
384,16.12
385,16.12
386,16.12
387,4.77
388,4.77
389,4.77
390,4.77
391,4.77
392,19.02
393,19.02
394,19.02
395,19.02
396,19.02
397,20.94
398,20.94
399,20.94
400,20.94
401,20.94
402,20.06
403,20.06
404,20.06
405,20.06
406,20.06
407,9.71
408,9.71
409,9.71
410,9.71
411,9.71
412,7.13
413,7.13
414,7.13
415,7.13
416,7.13
417,3.31
418,3.31
419,3.31
420,3.31
421,3.31
422,6.71
423,6.71
424,6.71
425,6.71
426,6.71
427,6.07
428,6.07
429,6.07
430,6.07
431,6.07
432,10.69
433,10.69
434,10.69
435,10.69
436,10.69
437,6.33
438,6.33
439,6.33
440,6.33
441,6.33
442,20.07
443,20.07
444,20.07
445,20.07
446,20.07
447,17.25
448,17.25
449,17.25
450,17.25
451,17.25
452,2.95
453,2.95
454,2.95
455,2.95
456,2.95
457,8.56
458,8.56
459,8.56
460,8.56
461,8.56
462,9.00
463,9.00
464,9.00
465,9.00
466,9.00
467,3.38
468,3.38
469,3.38
470,3.38
471,3.38
472,4.87
473,4.87
474,4.87
475,4.87
476,4.87
477,9.68
478,9.68
479,9.68
480,9.68
481,9.68
482,2.50
483,2.50
484,2.50
485,2.50
486,2.50
487,9.48
488,9.48
489,9.48
490,9.48
491,9.48
492,18.42
493,18.42
494,18.42
495,18.42
496,18.42
497,6.81
498,6.81
499,6.81
500,6.81
501,6.81
502,7.86
503,7.86
504,7.86
505,7.86
506,7.86
507,8.00
508,8.00
509,8.00
510,8.00
511,8.00
512,7.06
513,7.06
514,7.06
515,7.06
516,7.06
517,9.80
518,9.80
519,9.80
520,9.80
521,9.80
522,8.13
523,8.13
524,8.13
525,8.13
526,8.13
527,8.00
528,8.00
529,8.00
530,8.00
531,8.00
532,19.25
533,19.25
534,19.25
535,19.25
536,19.25
537,3.13
538,3.13
539,3.13
540,3.13
541,3.13
542,1.06
543,1.06
544,1.06
545,1.06
546,1.06
547,6.61
548,6.61
549,6.61
550,6.61
551,6.61
552,0.51
553,0.51
554,0.51
555,0.51
556,0.51
557,2.81
558,2.81
559,2.81
560,2.81
561,2.81
562,3.00
563,3.00
564,3.00
565,3.00
566,3.00
567,1.12
568,1.12
569,1.12
570,1.12
571,1.12
572,3.81
573,3.81
574,3.81
575,3.81
576,3.81
577,0.24
578,0.24
579,0.24
580,0.24
581,0.24
582,2.79
583,2.79
584,2.79
585,2.79
586,2.79
587,1.12
588,1.12
589,1.12
590,1.12
591,1.12
592,3.81
593,3.81
594,3.81
595,3.81
596,3.81
597,2.12
598,2.12
599,2.12
600,2.12
601,2.12
602,2.94
603,2.94
604,2.94
605,2.94
606,2.94
607,2.06
608,2.06
609,2.06
610,2.06
611,2.06
612,1.06
613,1.06
614,1.06
615,1.06
616,1.06
617,0.06
618,0.06
619,0.06
620,0.06
621,0.06
622,0.93
623,0.93
624,0.93
625,0.93
626,0.93
627,1.94
628,1.94
629,1.94
630,1.94
631,1.94
632,1.06
633,1.06
634,1.06
635,1.06
636,1.06
637,1.00
638,1.00
639,1.00
640,1.00
641,1.00
642,1.00
643,1.00
644,1.00
645,1.00
646,1.00
647,1.94
648,1.94
649,1.94
650,1.94
651,1.94
652,1.06
653,1.06
654,1.06
655,1.06
656,1.06
657,1.94
658,1.94
659,1.94
660,1.94
661,1.94
662,2.00
663,2.00
664,2.00
665,2.00
666,2.00
667,1.06
668,1.06
669,1.06
670,1.06
671,1.06
672,0.06
673,0.06
674,0.06
675,0.06
676,0.06
677,2.80
678,2.80
679,2.80
680,2.80
681,2.80
682,1.13
683,1.13
684,1.13
685,1.13
686,1.13
687,1.00
688,1.00
689,1.00
690,1.00
691,1.00
692,1.00
693,1.00
694,1.00
695,1.00
696,1.00
697,6.62
698,6.62
699,6.62
700,6.62
701,6.62
702,4.19
703,4.19
704,4.19
705,4.19
706,4.19
707,0.29
708,0.29
709,0.29
710,0.29
711,0.29
712,3.74
713,3.74
714,3.74
715,3.74
716,3.74
717,4.94
718,4.94
719,4.94
720,4.94
721,4.94
722,5.94
723,5.94
724,5.94
725,5.94
726,5.94
727,1.32
728,1.32
729,1.32
730,1.32
731,1.32
732,1.00
733,1.00
734,1.00
735,1.00
736,1.00
737,4.74
738,4.74
739,4.74
740,4.74
741,4.74
742,4.06
743,4.06
744,4.06
745,4.06
746,4.06
747,3.06
748,3.06
749,3.06
750,3.06
751,3.06
752,1.13
753,1.13
754,1.13
755,1.13
756,1.13
757,1.00
758,1.00
759,1.00
760,1.00
761,1.00
762,3.80
763,3.80
764,3.80
765,3.80
766,3.80
767,4.00
768,4.00
769,4.00
770,4.00
771,4.00
772,1.18
773,1.18
774,1.18
775,1.18
776,1.18
777,1.00
778,1.00
779,1.00
780,1.00
781,1.00
782,1.94
783,1.94
784,1.94
785,1.94
786,1.94
787,4.82
788,4.82
789,4.82
790,4.82
791,4.82
792,4.06
793,4.06
794,4.06
795,4.06
796,4.06
797,2.12
798,2.12
799,2.12
800,2.12
801,2.12
802,2.00
803,2.00
804,2.00
805,2.00
806,2.00
807,4.80
808,4.80
809,4.80
810,4.80
811,4.80
812,5.00
813,5.00
814,5.00
815,5.00
816,5.00
817,2.18
818,2.18
819,2.18
820,2.18
821,2.18
822,0.14
823,0.14
824,0.14
825,0.14
826,0.14
827,0.00
828,0.00
829,0.00
830,0.00
831,0.00
832,5.63
833,5.63
834,5.63
835,5.63
836,5.63
837,4.13
838,4.13
839,4.13
840,4.13
841,4.13
842,4.00
843,4.00
844,4.00
845,4.00
846,4.00
847,3.06
848,3.06
849,3.06
850,3.06
851,3.06
852,3.94
853,3.94
854,3.94
855,3.94
856,3.94
857,3.06
858,3.06
859,3.06
860,3.06
861,3.06
862,3.00
863,3.00
864,3.00
865,3.00
866,3.00
867,3.00
868,3.00
869,3.00
870,3.00
871,3.00
872,1.13
873,1.13
874,1.13
875,1.13
876,1.13
877,1.00
878,1.00
879,1.00
880,1.00
881,1.00
882,2.88
883,2.88
884,2.88
885,2.88
886,2.88
887,3.00
888,3.00
889,3.00
890,3.00
891,3.00
892,5.81
893,5.81
894,5.81
895,5.81
896,5.81
897,27.53
898,27.53
899,27.53
900,27.53
901,27.53
902,14.95
903,14.95
904,14.95
905,14.95
906,14.95
907,17.74
908,17.74
909,17.74
910,17.74
911,17.74
912,8.65
913,8.65
914,8.65
915,8.65
916,8.65
917,19.25
918,19.25
919,19.25
920,19.25
921,19.25
922,15.31
923,15.31
924,15.31
925,15.31
926,15.31
927,2.85
928,2.85
929,2.85
930,2.85
931,2.85
932,1.06
933,1.06
934,1.06
935,1.06
936,1.06
937,0.07
938,0.07
939,0.07
940,0.07
941,0.07
942,0.93
943,0.93
944,0.93
945,0.93
946,0.93
947,0.07
948,0.07
949,0.07
950,0.07
951,0.07
952,2.81
953,2.81
954,2.81
955,2.81
956,2.81
957,2.07
958,2.07
959,2.07
960,2.07
961,2.07
962,0.12
963,0.12
964,0.12
965,0.12
966,0.12
967,0.00
968,0.00
969,0.00
970,0.00
971,0.00
972,0.00
973,0.00
974,0.00
975,0.00
976,0.00
977,1.87
978,1.87
979,1.87
980,1.87
981,1.87
982,0.13
983,0.13
984,0.13
985,0.13
986,0.13
987,0.00
988,0.00
989,0.00
990,0.00
991,0.00
992,0.00
993,0.00
994,0.00
995,0.00
996,0.00
997,0.94
998,0.94
999,0.94
1000,0.94
1001,0.94
1002,1.00
1003,1.00
1004,1.00
1005,1.00
1006,1.00
1007,0.06
1008,0.06
1009,0.06
1010,0.06
1011,0.06
1012,0.93
1013,0.93
1014,0.93
1015,0.93
1016,0.93
1017,1.94
1018,1.94
1019,1.94
1020,1.94
1021,1.94
1022,0.13
1023,0.13
1024,0.13
1025,0.13
1026,0.13
1027,0.00
1028,0.00
1029,0.00
1030,0.00
1031,0.00
1032,0.94
1033,0.94
1034,0.94
1035,0.94
1036,0.94
1037,0.06
1038,0.06
1039,0.06
1040,0.06
1041,0.06
1042,1.88
1043,1.88
1044,1.88
1045,1.88
1046,1.88
1047,2.00
1048,2.00
1049,2.00
1050,2.00
1051,2.00
1052,0.12
1053,0.12
1054,0.12
1055,0.12
1056,0.12
1057,0.00
1058,0.00
1059,0.00
1060,0.00
1061,0.00
1062,0.00
1063,0.00
1064,0.00
1065,0.00
1066,0.00
1067,0.00
1068,0.00
1069,0.00
1070,0.00
1071,0.00
1072,1.87
1073,1.87
1074,1.87
1075,1.87
1076,1.87
1077,0.12
1078,0.12
1079,0.12
1080,0.12
1081,0.12
1082,0.94
1083,0.94
1084,0.94
1085,0.94
1086,0.94
1087,1.00
1088,1.00
1089,1.00
1090,1.00
1091,1.00
1092,1.00
1093,1.00
1094,1.00
1095,1.00
1096,1.00
1097,0.06
1098,0.06
1099,0.06
1100,0.06
1101,0.06
1102,0.00
1103,0.00
1104,0.00
1105,0.00
1106,0.00
1107,0.00
1108,0.00
1109,0.00
1110,0.00
1111,0.00
1112,0.00
1113,0.00
1114,0.00
1115,0.00
1116,0.00
1117,0.00
1118,0.00
1119,0.00
1120,0.00
1121,0.00
1122,0.94
1123,0.94
1124,0.94
1125,0.94
1126,0.94
1127,2.88
1128,2.88
1129,2.88
1130,2.88
1131,2.88
1132,4.87
1133,4.87
1134,4.87
1135,4.87
1136,4.87
1137,2.19
1138,2.19
1139,2.19
1140,2.19
1141,2.19
1142,2.00
1143,2.00
1144,2.00
1145,2.00
1146,2.00
1147,0.12
1148,0.12
1149,0.12
1150,0.12
1151,0.12
1152,1.87
1153,1.87
1154,1.87
1155,1.87
1156,1.87
1157,2.00
1158,2.00
1159,2.00
1160,2.00
1161,2.00
1162,0.13
1163,0.13
1164,0.13
1165,0.13
1166,0.13
1167,0.93
1168,0.93
1169,0.93
1170,0.93
1171,0.93
1172,3.81
1173,3.81
1174,3.81
1175,3.81
1176,3.81
1177,5.88
1178,5.88
1179,5.88
1180,5.88
1181,5.88
1182,7.86
1183,7.86
1184,7.86
1185,7.86
1186,7.86
1187,3.32
1188,3.32
1189,3.32
1190,3.32
1191,3.32
1192,7.69
1193,7.69
1194,7.69
1195,7.69
1196,7.69
1197,2.38
1198,2.38
1199,2.38
1200,2.38
1201,2.38
1202,2.94
1203,2.94
1204,2.94
1205,2.94
1206,2.94
1207,5.82
1208,5.82
1209,5.82
1210,5.82
1211,5.82
1212,4.15
1213,4.15
1214,4.15
1215,4.15
1216,4.15
1217,3.06
1218,3.06
1219,3.06
1220,3.06
1221,3.06
1222,3.94
1223,3.94
1224,3.94
1225,3.94
1226,3.94
1227,2.13
1228,2.13
1229,2.13
1230,2.13
1231,2.13
1232,21.62
1233,21.62
1234,21.62
1235,21.62
1236,21.62
1237,6.22
1238,6.22
1239,6.22
1240,6.22
1241,6.22
1242,7.81
1243,7.81
1244,7.81
1245,7.81
1246,7.81
1247,8.93
1248,8.93
1249,8.93
1250,8.93
1251,8.93
1252,14.64
1253,14.64
1254,14.64
1255,14.64
1256,14.64
1257,3.00
1258,3.00
1259,3.00
1260,3.00
1261,3.00
1262,17.75
1263,17.75
1264,17.75
1265,17.75
1266,17.75
1267,12.44
1268,12.44
1269,12.44
1270,12.44
1271,12.44
1272,5.44
1273,5.44
1274,5.44
1275,5.44
1276,5.44
1277,12.50
1278,12.50
1279,12.50
1280,12.50
1281,12.50
1282,22.38
1283,22.38
1284,22.38
1285,22.38
1286,22.38
1287,6.08
1288,6.08
1289,6.08
1290,6.08
1291,6.08
1292,4.06
1293,4.06
1294,4.06
1295,4.06
1296,4.06
1297,15.25
1298,15.25
1299,15.25
1300,15.25
1301,15.25
1302,8.52
1303,8.52
1304,8.52
1305,8.52
1306,8.52
1307,17.39
1308,17.39
1309,17.39
1310,17.39
1311,17.39
1312,26.47
1313,26.47
1314,26.47
1315,26.47
1316,26.47
1317,33.55
1318,33.55
1319,33.55
1320,33.55
1321,33.55
1322,10.56
1323,10.56
1324,10.56
1325,10.56
1326,10.56
1327,19.34
1328,19.34
1329,19.34
1330,19.34
1331,19.34
1332,4.10
1333,4.10
1334,4.10
1335,4.10
1336,4.10
1337,15.23
1338,15.23
1339,15.23
1340,15.23
1341,15.23
1342,33.82
1343,33.82
1344,33.82
1345,33.82
1346,33.82
1347,4.94
1348,4.94
1349,4.94
1350,4.94
1351,4.94
1352,20.83
1353,20.83
1354,20.83
1355,20.83
1356,20.83
1357,19.18
1358,19.18
1359,19.18
1360,19.18
1361,19.18
1362,14.32
1363,14.32
1364,14.32
1365,14.32
1366,14.32
1367,7.45
1368,7.45
1369,7.45
1370,7.45
1371,7.45
1372,27.67
1373,27.67
1374,27.67
1375,27.67
1376,27.67
1377,5.58
1378,5.58
1379,5.58
1380,5.58
1381,5.58
1382,18.08
1383,18.08
1384,18.08
1385,18.08
1386,18.08
1387,16.20
1388,16.20
1389,16.20
1390,16.20
1391,16.20
1392,5.70
1393,5.70
1394,5.70
1395,5.70
1396,5.70
1397,16.28
1398,16.28
1399,16.28
1400,16.28
1401,16.28
1402,12.30
1403,12.30
1404,12.30
1405,12.30
1406,12.30
1407,16.69
1408,16.69
1409,16.69
1410,16.69
1411,16.69
1412,13.24
1413,13.24
1414,13.24
1415,13.24
1416,13.24
1417,30.80
1418,30.80
1419,30.80
1420,30.80
1421,30.80
1422,19.84
1423,19.84
1424,19.84
1425,19.84
1426,19.84
1427,19.00
1428,19.00
1429,19.00
1430,19.00
1431,19.00
1432,30.23
1433,30.23
1434,30.23
1435,30.23
1436,30.23
1437,27.25
1438,27.25
1439,27.25
1440,27.25
1441,27.25
1442,19.49
1443,19.49
1444,19.49
1445,19.49
1446,19.49
1447,15.26
1448,15.26
1449,15.26
1450,15.26
1451,15.26
1452,17.84
1453,17.84
1454,17.84
1455,17.84
1456,17.84
1457,15.18
1458,15.18
1459,15.18
1460,15.18
1461,15.18
1462,17.82
1463,17.82
1464,17.82
1465,17.82
1466,17.82
1467,15.17
1468,15.17
1469,15.17
1470,15.17
1471,15.17
1472,21.59
1473,21.59
1474,21.59
1475,21.59
1476,21.59
1477,18.25
1478,18.25
1479,18.25
1480,18.25
1481,18.25
1482,18.94
1483,18.94
1484,18.94
1485,18.94
1486,18.94
1487,11.50
1488,11.50
1489,11.50
1490,11.50
1491,11.50
1492,5.33
1493,5.33
1494,5.33
1495,5.33
1496,5.33
1497,7.82
1498,7.82
1499,7.82
1500,7.82
1501,7.82
1502,12.70
1503,12.70
1504,12.70
1505,12.70
1506,12.70
1507,12.06
1508,12.06
1509,12.06
1510,12.06
1511,12.06
1512,7.34
1513,7.34
1514,7.34
1515,7.34
1516,7.34
1517,9.82
1518,9.82
1519,9.82
1520,9.82
1521,9.82
1522,10.00
1523,10.00
1524,10.00
1525,10.00
1526,10.00
1527,10.00
1528,10.00
1529,10.00
1530,10.00
1531,10.00
1532,9.06
1533,9.06
1534,9.06
1535,9.06
1536,9.06
1537,11.81
1538,11.81
1539,11.81
1540,11.81
1541,11.81
1542,9.20
1543,9.20
1544,9.20
1545,9.20
1546,9.20
1547,4.33
1548,4.33
1549,4.33
1550,4.33
1551,4.33
1552,5.88
1553,5.88
1554,5.88
1555,5.88
1556,5.88
1557,3.19
1558,3.19
1559,3.19
1560,3.19
1561,3.19
1562,3.00
1563,3.00
1564,3.00
1565,3.00
1566,3.00
1567,5.81
1568,5.81
1569,5.81
1570,5.81
1571,5.81
1572,3.19
1573,3.19
1574,3.19
1575,3.19
1576,3.19
1577,3.94
1578,3.94
1579,3.94
1580,3.94
1581,3.94
1582,4.00
1583,4.00
1584,4.00
1585,4.00
1586,4.00
1587,12.45
1588,12.45
1589,12.45
1590,12.45
1591,12.45
1592,3.60
1593,3.60
1594,3.60
1595,3.60
1596,3.60
1597,5.82
1598,5.82
1599,5.82
1600,5.82
1601,5.82
1602,4.13
1603,4.13
1604,4.13
1605,4.13
1606,4.13
1607,8.67
1608,8.67
1609,8.67
1610,8.67
1611,8.67
1612,11.81
1613,11.81
1614,11.81
1615,11.81
1616,11.81
1617,16.69
1618,16.69
1619,16.69
1620,16.69
1621,16.69
1622,14.19
1623,14.19
1624,14.19
1625,14.19
1626,14.19
1627,13.06
1628,13.06
1629,13.06
1630,13.06
1631,13.06
1632,7.37
1633,7.37
1634,7.37
1635,7.37
1636,7.37
1637,12.63
1638,12.63
1639,12.63
1640,12.63
1641,12.63
1642,16.75
1643,16.75
1644,16.75
1645,16.75
1646,16.75
1647,17.94
1648,17.94
1649,17.94
1650,17.94
1651,17.94
1652,24.57
1653,24.57
1654,24.57
1655,24.57
1656,24.57
1657,18.43
1658,18.43
1659,18.43
1660,18.43
1661,18.43
1662,10.50
1663,10.50
1664,10.50
1665,10.50
1666,10.50
1667,9.06
1668,9.06
1669,9.06
1670,9.06
1671,9.06
1672,22.22
1673,22.22
1674,22.22
1675,22.22
1676,22.22
1677,15.54
1678,15.54
1679,15.54
1680,15.54
1681,15.54
1682,18.71
1683,18.71
1684,18.71
1685,18.71
1686,18.71
1687,39.62
1688,39.62
1689,39.62
1690,39.62
1691,39.62
1692,36.31
1693,36.31
1694,36.31
1695,36.31
1696,36.31
1697,14.43
1698,14.43
1699,14.43
1700,14.43
1701,14.43
1702,10.19
1703,10.19
1704,10.19
1705,10.19
1706,10.19
1707,35.37
1708,35.37
1709,35.37
1710,35.37
1711,35.37
1712,12.67
1713,12.67
1714,12.67
1715,12.67
1716,12.67
1717,11.00
1718,11.00
1719,11.00
1720,11.00
1721,11.00
1722,19.45
1723,19.45
1724,19.45
1725,19.45
1726,19.45
1727,11.53
1728,11.53
1729,11.53
1730,11.53
1731,11.53
1732,22.23
1733,22.23
1734,22.23
1735,22.23
1736,22.23
1737,28.63
1738,28.63
1739,28.63
1740,28.63
1741,28.63
1742,12.07
1743,12.07
1744,12.07
1745,12.07
1746,12.07
1747,3.47
1748,3.47
1749,3.47
1750,3.47
1751,3.47
1752,7.70
1753,7.70
1754,7.70
1755,7.70
1756,7.70
1757,20.19
1758,20.19
1759,20.19
1760,20.19
1761,20.19
1762,5.02
1763,5.02
1764,5.02
1765,5.02
1766,5.02
1767,10.57
1768,10.57
1769,10.57
1770,10.57
1771,10.57
1772,10.06
1773,10.06
1774,10.06
1775,10.06
1776,10.06
1777,6.27
1778,6.27
1779,6.27
1780,6.27
1781,6.27
1782,12.57
1783,12.57
1784,12.57
1785,12.57
1786,12.57
1787,6.44
1788,6.44
1789,6.44
1790,6.44
1791,6.44
1792,12.55
1793,12.55
1794,12.55
1795,12.55
1796,12.55
1797,2.71
1798,2.71
1799,2.71
1800,2.71
1801,2.71
1802,2.00
1803,2.00
1804,2.00
1805,2.00
1806,2.00
1807,2.00
1808,2.00
1809,2.00
1810,2.00
1811,2.00
1812,2.00
1813,2.00
1814,2.00
1815,2.00
1816,2.00
1817,5.74
1818,5.74
1819,5.74
1820,5.74
1821,5.74
1822,8.80
1823,8.80
1824,8.80
1825,8.80
1826,8.80
1827,3.37
1828,3.37
1829,3.37
1830,3.37
1831,3.37
1832,12.36
1833,12.36
1834,12.36
1835,12.36
1836,12.36
1837,6.46
1838,6.46
1839,6.46
1840,6.46
1841,6.46
1842,6.94
1843,6.94
1844,6.94
1845,6.94
1846,6.94
1847,2.32
1848,2.32
1849,2.32
1850,2.32
1851,2.32
1852,11.38
1853,11.38
1854,11.38
1855,11.38
1856,11.38
1857,3.54
1858,3.54
1859,3.54
1860,3.54
1861,3.54
1862,3.00
1863,3.00
1864,3.00
1865,3.00
1866,3.00
1867,14.22
1868,14.22
1869,14.22
1870,14.22
1871,14.22
1872,14.06
1873,14.06
1874,14.06
1875,14.06
1876,14.06
1877,10.25
1878,10.25
1879,10.25
1880,10.25
1881,10.25
1882,3.45
1883,3.45
1884,3.45
1885,3.45
1886,3.45
1887,6.74
1888,6.74
1889,6.74
1890,6.74
1891,6.74
1892,4.19
1893,4.19
1894,4.19
1895,4.19
1896,4.19
1897,1.19
1898,1.19
1899,1.19
1900,1.19
1901,1.19
1902,5.67
1903,5.67
1904,5.67
1905,5.67
1906,5.67
1907,4.12
1908,4.12
1909,4.12
1910,4.12
1911,4.12
1912,4.00
1913,4.00
1914,4.00
1915,4.00
1916,4.00
1917,20.87
1918,20.87
1919,20.87
1920,20.87
1921,20.87
1922,1.37
1923,1.37
1924,1.37
1925,1.37
1926,1.37
1927,0.00
1928,0.00
1929,0.00
1930,0.00
1931,0.00
1932,0.00
1933,0.00
1934,0.00
1935,0.00
1936,0.00
1937,0.00
1938,0.00
1939,0.00
1940,0.00
1941,0.00
1942,0.00
1943,0.00
1944,0.00
1945,0.00
1946,0.00
1947,0.94
1948,0.94
1949,0.94
1950,0.94
1951,0.94
1952,0.07
1953,0.07
1954,0.07
1955,0.07
1956,0.07
1957,0.00
1958,0.00
1959,0.00
1960,0.00
1961,0.00
1962,0.00
1963,0.00
1964,0.00
1965,0.00
1966,0.00
1967,0.00
1968,0.00
1969,0.00
1970,0.00
1971,0.00
1972,0.00
1973,0.00
1974,0.00
1975,0.00
1976,0.00
1977,0.94
1978,0.94
1979,0.94
1980,0.94
1981,0.94
1982,0.06
1983,0.06
1984,0.06
1985,0.06
1986,0.06
1987,2.82
1988,2.82
1989,2.82
1990,2.82
1991,2.82
1992,2.06
1993,2.06
1994,2.06
1995,2.06
1996,2.06
1997,3.87
1998,3.87
1999,3.87
2000,3.87
2001,3.87
2002,0.24
2003,0.24
2004,0.24
2005,0.24
2006,0.24
2007,0.00
2008,0.00
2009,0.00
2010,0.00
2011,0.00
2012,0.00
2013,0.00
2014,0.00
2015,0.00
2016,0.00
2017,2.81
2018,2.81
2019,2.81
2020,2.81
2021,2.81
2022,0.20
2023,0.20
2024,0.20
2025,0.20
2026,0.20
2027,0.00
2028,0.00
2029,0.00
2030,0.00
2031,0.00
2032,0.00
2033,0.00
2034,0.00
2035,0.00
2036,0.00
2037,0.00
2038,0.00
2039,0.00
2040,0.00
2041,0.00
2042,0.00
2043,0.00
2044,0.00
2045,0.00
2046,0.00
2047,0.00
2048,0.00
2049,0.00
2050,0.00
2051,0.00
2052,0.00
2053,0.00
2054,0.00
2055,0.00
2056,0.00
2057,0.00
2058,0.00
2059,0.00
2060,0.00
2061,0.00
2062,0.00
2063,0.00
2064,0.00
2065,0.00
2066,0.00
2067,0.00
2068,0.00
2069,0.00
2070,0.00
2071,0.00
2072,0.00
2073,0.00
2074,0.00
2075,0.00
2076,0.00
2077,0.94
2078,0.94
2079,0.94
2080,0.94
2081,0.94
2082,0.06
2083,0.06
2084,0.06
2085,0.06
2086,0.06
2087,0.00
2088,0.00
2089,0.00
2090,0.00
2091,0.00
2092,0.00
2093,0.00
2094,0.00
2095,0.00
2096,0.00
2097,0.00
2098,0.00
2099,0.00
2100,0.00
2101,0.00
2102,0.00
2103,0.00
2104,0.00
2105,0.00
2106,0.00
2107,0.93
2108,0.93
2109,0.93
2110,0.93
2111,0.93
2112,0.06
2113,0.06
2114,0.06
2115,0.06
2116,0.06
2117,0.00
2118,0.00
2119,0.00
2120,0.00
2121,0.00
2122,0.00
2123,0.00
2124,0.00
2125,0.00
2126,0.00
2127,0.00
2128,0.00
2129,0.00
2130,0.00
2131,0.00
2132,0.94
2133,0.94
2134,0.94
2135,0.94
2136,0.94
2137,0.06
2138,0.06
2139,0.06
2140,0.06
2141,0.06
2142,2.82
2143,2.82
2144,2.82
2145,2.82
2146,2.82
2147,0.22
2148,0.22
2149,0.22
2150,0.22
2151,0.22
2152,3.74
2153,3.74
2154,3.74
2155,3.74
2156,3.74
2157,1.19
2158,1.19
2159,1.19
2160,1.19
2161,1.19
2162,4.77
2163,4.77
2164,4.77
2165,4.77
2166,4.77
2167,3.12
2168,3.12
2169,3.12
2170,3.12
2171,3.12
2172,0.19
2173,0.19
2174,0.19
2175,0.19
2176,0.19
2177,6.56
2178,6.56
2179,6.56
2180,6.56
2181,6.56
2182,4.18
2183,4.18
2184,4.18
2185,4.18
2186,4.18
2187,2.12
2188,2.12
2189,2.12
2190,2.12
2191,2.12
2192,2.94
2193,2.94
2194,2.94
2195,2.94
2196,2.94
2197,5.82
2198,5.82
2199,5.82
2200,5.82
2201,5.82
2202,1.35
2203,1.35
2204,1.35
2205,1.35
2206,1.35
2207,1.00
2208,1.00
2209,1.00
2210,1.00
2211,1.00
2212,2.88
2213,2.88
2214,2.88
2215,2.88
2216,2.88
2217,0.17
2218,0.17
2219,0.17
2220,0.17
2221,0.17
2222,0.94
2223,0.94
2224,0.94
2225,0.94
2226,0.94
2227,0.06
2228,0.06
2229,0.06
2230,0.06
2231,0.06
2232,0.00
2233,0.00
2234,0.00
2235,0.00
2236,0.00
2237,1.88
2238,1.88
2239,1.88
2240,1.88
2241,1.88
2242,0.12
2243,0.12
2244,0.12
2245,0.12
2246,0.12
2247,0.00
2248,0.00
2249,0.00
2250,0.00
2251,0.00
2252,0.00
2253,0.00
2254,0.00
2255,0.00
2256,0.00
2257,0.00
2258,0.00
2259,0.00
2260,0.00
2261,0.00
2262,0.00
2263,0.00
2264,0.00
2265,0.00
2266,0.00
2267,0.00
2268,0.00
2269,0.00
2270,0.00
2271,0.00
2272,0.00
2273,0.00
2274,0.00
2275,0.00
2276,0.00
2277,0.00
2278,0.00
2279,0.00
2280,0.00
2281,0.00
2282,0.00
2283,0.00
2284,0.00
2285,0.00
2286,0.00
2287,0.00
2288,0.00
2289,0.00
2290,0.00
2291,0.00
2292,0.00
2293,0.00
2294,0.00
2295,0.00
2296,0.00
2297,0.00
2298,0.00
2299,0.00
2300,0.00
2301,0.00
2302,0.00
2303,0.00
2304,0.00
2305,0.00
2306,0.00
2307,0.00
2308,0.00
2309,0.00
2310,0.00
2311,0.00
2312,0.93
2313,0.93
2314,0.93
2315,0.93
2316,0.93
2317,0.06
2318,0.06
2319,0.06
2320,0.06
2321,0.06
2322,0.94
2323,0.94
2324,0.94
2325,0.94
2326,0.94
2327,0.06
2328,0.06
2329,0.06
2330,0.06
2331,0.06
2332,3.75
2333,3.75
2334,3.75
2335,3.75
2336,3.75
2337,19.92
2338,19.92
2339,19.92
2340,19.92
2341,19.92
2342,14.43
2343,14.43
2344,14.43
2345,14.43
2346,14.43
2347,13.06
2348,13.06
2349,13.06
2350,13.06
2351,13.06
2352,8.32
2353,8.32
2354,8.32
2355,8.32
2356,8.32
2357,8.00
2358,8.00
2359,8.00
2360,8.00
2361,8.00
2362,8.94
2363,8.94
2364,8.94
2365,8.94
2366,8.94
2367,9.00
2368,9.00
2369,9.00
2370,9.00
2371,9.00
2372,3.38
2373,3.38
2374,3.38
2375,3.38
2376,3.38
2377,0.20
2378,0.20
2379,0.20
2380,0.20
2381,0.20
2382,0.94
2383,0.94
2384,0.94
2385,0.94
2386,0.94
2387,0.06
2388,0.06
2389,0.06
2390,0.06
2391,0.06
2392,0.94
2393,0.94
2394,0.94
2395,0.94
2396,0.94
2397,17.85
2398,17.85
2399,17.85
2400,17.85
2401,17.85
2402,1.16
2403,1.16
2404,1.16
2405,1.16
2406,1.16
2407,0.00
2408,0.00
2409,0.00
2410,0.00
2411,0.00
2412,0.00
2413,0.00
2414,0.00
2415,0.00
2416,0.00
2417,0.00
2418,0.00
2419,0.00
2420,0.00
2421,0.00
2422,2.82
2423,2.82
2424,2.82
2425,2.82
2426,2.82
2427,4.87
2428,4.87
2429,4.87
2430,4.87
2431,4.87
2432,3.12
2433,3.12
2434,3.12
2435,3.12
2436,3.12
2437,3.94
2438,3.94
2439,3.94
2440,3.94
2441,3.94
2442,4.00
2443,4.00
2444,4.00
2445,4.00
2446,4.00
2447,2.12
2448,2.12
2449,2.12
2450,2.12
2451,2.12
2452,2.00
2453,2.00
2454,2.00
2455,2.00
2456,2.00
2457,2.94
2458,2.94
2459,2.94
2460,2.94
2461,2.94
2462,2.06
2463,2.06
2464,2.06
2465,2.06
2466,2.06
2467,3.88
2468,3.88
2469,3.88
2470,3.88
2471,3.88
2472,3.06
2473,3.06
2474,3.06
2475,3.06
2476,3.06
2477,0.19
2478,0.19
2479,0.19
2480,0.19
2481,0.19
2482,0.00
2483,0.00
2484,0.00
2485,0.00
2486,0.00
2487,0.00
2488,0.00
2489,0.00
2490,0.00
2491,0.00
2492,0.00
2493,0.00
2494,0.00
2495,0.00
2496,0.00
2497,0.00
2498,0.00
2499,0.00
2500,0.00
2501,0.00
2502,3.75
2503,3.75
2504,3.75
2505,3.75
2506,3.75
2507,1.22
2508,1.22
2509,1.22
2510,1.22
2511,1.22
2512,0.06
2513,0.06
2514,0.06
2515,0.06
2516,0.06
2517,0.93
2518,0.93
2519,0.93
2520,0.93
2521,0.93
2522,1.00
2523,1.00
2524,1.00
2525,1.00
2526,1.00
2527,0.06
2528,0.06
2529,0.06
2530,0.06
2531,0.06
2532,0.00
2533,0.00
2534,0.00
2535,0.00
2536,0.00
2537,0.00
2538,0.00
2539,0.00
2540,0.00
2541,0.00
2542,0.94
2543,0.94
2544,0.94
2545,0.94
2546,0.94
2547,0.06
2548,0.06
2549,0.06
2550,0.06
2551,0.06
2552,0.00
2553,0.00
2554,0.00
2555,0.00
2556,0.00
2557,0.00
2558,0.00
2559,0.00
2560,0.00
2561,0.00
2562,0.94
2563,0.94
2564,0.94
2565,0.94
2566,0.94
2567,0.06
2568,0.06
2569,0.06
2570,0.06
2571,0.06
2572,0.00
2573,0.00
2574,0.00
2575,0.00
2576,0.00
2577,0.00
2578,0.00
2579,0.00
2580,0.00
2581,0.00
2582,0.00
2583,0.00
2584,0.00
2585,0.00
2586,0.00
2587,0.00
2588,0.00
2589,0.00
2590,0.00
2591,0.00
2592,0.00
2593,0.00
2594,0.00
2595,0.00
2596,0.00
2597,0.00
2598,0.00
2599,0.00
2600,0.00
2601,0.00
2602,0.00
2603,0.00
2604,0.00
2605,0.00
2606,0.00
2607,0.00
2608,0.00
2609,0.00
2610,0.00
2611,0.00
2612,0.94
2613,0.94
2614,0.94
2615,0.94
2616,0.94
2617,1.00
2618,1.00
2619,1.00
2620,1.00
2621,1.00
2622,1.00
2623,1.00
2624,1.00
2625,1.00
2626,1.00
2627,0.06
2628,0.06
2629,0.06
2630,0.06
2631,0.06
2632,0.00
2633,0.00
2634,0.00
2635,0.00
2636,0.00
2637,0.00
2638,0.00
2639,0.00
2640,0.00
2641,0.00
2642,0.00
2643,0.00
2644,0.00
2645,0.00
2646,0.00
2647,0.00
2648,0.00
2649,0.00
2650,0.00
2651,0.00
2652,3.69
2653,3.69
2654,3.69
2655,3.69
2656,3.69
2657,0.26
2658,0.26
2659,0.26
2660,0.26
2661,0.26
2662,0.00
2663,0.00
2664,0.00
2665,0.00
2666,0.00
2667,0.00
2668,0.00
2669,0.00
2670,0.00
2671,0.00
2672,1.88
2673,1.88
2674,1.88
2675,1.88
2676,1.88
2677,2.93
2678,2.93
2679,2.93
2680,2.93
2681,2.93
2682,11.41
2683,11.41
2684,11.41
2685,11.41
2686,11.41
2687,2.64
2688,2.64
2689,2.64
2690,2.64
2691,2.64
2692,2.00
2693,2.00
2694,2.00
2695,2.00
2696,2.00
2697,15.13
2698,15.13
2699,15.13
2700,15.13
2701,15.13
2702,10.37
2703,10.37
2704,10.37
2705,10.37
2706,10.37
2707,15.64
2708,15.64
2709,15.64
2710,15.64
2711,15.64
2712,17.88
2713,17.88
2714,17.88
2715,17.88
2716,17.88
2717,30.18
2718,30.18
2719,30.18
2720,30.18
2721,30.18
2722,15.97
2723,15.97
2724,15.97
2725,15.97
2726,15.97
2727,10.33
2728,10.33
2729,10.33
2730,10.33
2731,10.33
2732,15.65
2733,15.65
2734,15.65
2735,15.65
2736,15.65
2737,5.68
2738,5.68
2739,5.68
2740,5.68
2741,5.68
2742,15.32
2743,15.32
2744,15.32
2745,15.32
2746,15.32
2747,7.58
2748,7.58
2749,7.58
2750,7.58
2751,7.58
2752,5.13
2753,5.13
2754,5.13
2755,5.13
2756,5.13
2757,8.75
2758,8.75
2759,8.75
2760,8.75
2761,8.75
2762,11.81
2763,11.81
2764,11.81
2765,11.81
2766,11.81
2767,22.28
2768,22.28
2769,22.28
2770,22.28
2771,22.28
2772,13.67
2773,13.67
2774,13.67
2775,13.67
2776,13.67
2777,14.87
2778,14.87
2779,14.87
2780,14.87
2781,14.87
2782,14.06
2783,14.06
2784,14.06
2785,14.06
2786,14.06
2787,17.75
2788,17.75
2789,17.75
2790,17.75
2791,17.75
2792,21.76
2793,21.76
2794,21.76
2795,21.76
2796,21.76
2797,18.25
2798,18.25
2799,18.25
2800,18.25
2801,18.25
2802,21.75
2803,21.75
2804,21.75
2805,21.75
2806,21.75
2807,17.31
2808,17.31
2809,17.31
2810,17.31
2811,17.31
2812,6.71
2813,6.71
2814,6.71
2815,6.71
2816,6.71
2817,20.05
2818,20.05
2819,20.05
2820,20.05
2821,20.05
2822,28.48
2823,28.48
2824,28.48
2825,28.48
2826,28.48
2827,14.06
2828,14.06
2829,14.06
2830,14.06
2831,14.06
2832,22.36
2833,22.36
2834,22.36
2835,22.36
2836,22.36
2837,32.38
2838,32.38
2839,32.38
2840,32.38
2841,32.38
2842,10.51
2843,10.51
2844,10.51
2845,10.51
2846,10.51
2847,25.88
2848,25.88
2849,25.88
2850,25.88
2851,25.88
2852,23.26
2853,23.26
2854,23.26
2855,23.26
2856,23.26
2857,8.00
2858,8.00
2859,8.00
2860,8.00
2861,8.00
2862,21.04
2863,21.04
2864,21.04
2865,21.04
2866,21.04
2867,16.36
2868,16.36
2869,16.36
2870,16.36
2871,16.36
2872,15.06
2873,15.06
2874,15.06
2875,15.06
2876,15.06
2877,32.80
2878,32.80
2879,32.80
2880,32.80
2881,32.80
2882,20.08
2883,20.08
2884,20.08
2885,20.08
2886,20.08
2887,19.00
2888,19.00
2889,19.00
2890,19.00
2891,19.00
2892,21.81
2893,21.81
2894,21.81
2895,21.81
2896,21.81
2897,26.69
2898,26.69
2899,26.69


