date,CPU 1,CPU 2,CPU 3,CPU 4
1,15.61,7.94,4.47,15.40
2,24.33,11.67,5.87,15.40
3,24.33,11.67,5.87,15.40
4,24.33,11.67,5.87,15.40
5,24.33,11.67,5.87,15.40
6,24.33,11.67,5.87,5.70
7,31.55,6.38,6.94,5.70
8,31.55,6.38,6.94,5.70
9,31.55,6.38,6.94,5.70
10,31.55,6.38,6.94,5.70
11,31.55,6.38,6.94,6.87
12,8.66,9.73,5.13,6.87
13,8.66,9.73,5.13,6.87
14,8.66,9.73,5.13,6.87
15,8.66,9.73,5.13,6.87
16,8.66,9.73,5.13,9.81
17,18.24,10.00,4.06,9.81
18,18.24,10.00,4.06,9.81
19,18.24,10.00,4.06,9.81
20,18.24,10.00,4.06,9.81
21,18.24,10.00,4.06,19.37
22,8.69,13.75,4.94,19.37
23,8.69,13.75,4.94,19.37
24,8.69,13.75,4.94,19.37
25,8.69,13.75,4.94,19.37
26,8.69,13.75,4.94,11.59
27,24.83,8.39,3.13,11.59
28,24.83,8.39,3.13,11.59
29,24.83,8.39,3.13,11.59
30,24.83,8.39,3.13,11.59
31,24.83,8.39,3.13,15.70
32,24.12,18.34,5.82,15.70
33,24.12,18.34,5.82,15.70
34,24.12,18.34,5.82,15.70
35,24.12,18.34,5.82,15.70
36,24.12,18.34,5.82,12.26
37,20.25,19.00,5.06,12.26
38,20.25,19.00,5.06,12.26
39,20.25,19.00,5.06,12.26
40,20.25,19.00,5.06,12.26
41,20.25,19.00,5.06,16.67
42,17.19,9.65,7.80,16.67
43,17.19,9.65,7.80,16.67
44,17.19,9.65,7.80,16.67
45,17.19,9.65,7.80,16.67
46,17.19,9.65,7.80,15.13
47,19.81,7.12,5.19,15.13
48,19.81,7.12,5.19,15.13
49,19.81,7.12,5.19,15.13
50,19.81,7.12,5.19,15.13
51,19.81,7.12,5.19,6.56
52,25.63,3.25,3.12,6.56
53,25.63,3.25,3.12,6.56
54,25.63,3.25,3.12,6.56
55,25.63,3.25,3.12,6.56
56,25.63,3.25,3.12,8.81
57,14.76,12.37,2.06,8.81
58,14.76,12.37,2.06,8.81
59,14.76,12.37,2.06,8.81
60,14.76,12.37,2.06,8.81
61,14.76,12.37,2.06,16.48
62,16.81,11.13,5.74,16.48
63,16.81,11.13,5.74,16.48
64,16.81,11.13,5.74,16.48
65,16.81,11.13,5.74,16.48
66,16.81,11.13,5.74,25.44
67,27.32,18.50,12.56,25.44
68,27.32,18.50,12.56,25.44
69,27.32,18.50,12.56,25.44
70,27.32,18.50,12.56,25.44
71,27.32,18.50,12.56,20.37
72,28.94,19.00,10.18,20.37
73,28.94,19.00,10.18,20.37
74,28.94,19.00,10.18,20.37
75,28.94,19.00,10.18,20.37
76,28.94,19.00,10.18,21.86
77,19.69,11.55,7.21,21.86
78,19.69,11.55,7.21,21.86
79,19.69,11.55,7.21,21.86
80,19.69,11.55,7.21,21.86
81,19.69,11.55,7.21,18.26
82,9.64,9.13,6.06,18.26
83,9.64,9.13,6.06,18.26
84,9.64,9.13,6.06,18.26
85,9.64,9.13,6.06,18.26
86,9.64,9.13,6.06,16.12
87,22.16,11.82,7.88,16.12
88,22.16,11.82,7.88,16.12
89,22.16,11.82,7.88,16.12
90,22.16,11.82,7.88,16.12
91,22.16,11.82,7.88,12.26
92,8.96,6.38,5.19,12.26
93,8.96,6.38,5.19,12.26
94,8.96,6.38,5.19,12.26
95,8.96,6.38,5.19,12.26
96,8.96,6.38,5.19,2.64
97,14.55,7.87,2.19,2.64
98,14.55,7.87,2.19,2.64
99,14.55,7.87,2.19,2.64
100,14.55,7.87,2.19,2.64
101,14.55,7.87,2.19,12.31
102,6.56,7.06,9.50,12.31
103,6.56,7.06,9.50,12.31
104,6.56,7.06,9.50,12.31
105,6.56,7.06,9.50,12.31
106,6.56,7.06,9.50,21.42
107,19.10,12.61,15.61,21.42
108,19.10,12.61,15.61,21.42
109,19.10,12.61,15.61,21.42
110,19.10,12.61,15.61,21.42
111,19.10,12.61,15.61,15.45
112,11.57,9.25,6.64,15.45
113,11.57,9.25,6.64,15.45
114,11.57,9.25,6.64,15.45
115,11.57,9.25,6.64,15.45
116,11.57,9.25,6.64,5.64
117,4.45,12.74,2.26,5.64
118,4.45,12.74,2.26,5.64
119,4.45,12.74,2.26,5.64
120,4.45,12.74,2.26,5.64
121,4.45,12.74,2.26,4.06
122,8.69,7.38,1.06,4.06
123,8.69,7.38,1.06,4.06
124,8.69,7.38,1.06,4.06
125,8.69,7.38,1.06,4.06
126,8.69,7.38,1.06,9.61
127,9.00,12.61,5.68,9.61
128,9.00,12.61,5.68,9.61
129,9.00,12.61,5.68,9.61
130,9.00,12.61,5.68,9.61
131,9.00,12.61,5.68,10.00
132,6.19,9.26,4.13,10.00
133,6.19,9.26,4.13,10.00
134,6.19,9.26,4.13,10.00
135,6.19,9.26,4.13,10.00
136,6.19,9.26,4.13,11.87
137,10.68,8.06,6.81,11.87
138,10.68,8.06,6.81,11.87
139,10.68,8.06,6.81,11.87
140,10.68,8.06,6.81,11.87
141,10.68,8.06,6.81,12.00
142,11.00,7.06,3.25,12.00
143,11.00,7.06,3.25,12.00
144,11.00,7.06,3.25,12.00
145,11.00,7.06,3.25,12.00
146,11.00,7.06,3.25,3.59
147,15.68,2.32,3.00,3.59
148,15.68,2.32,3.00,3.59
149,15.68,2.32,3.00,3.59
150,15.68,2.32,3.00,3.59
151,15.68,2.32,3.00,14.24
152,13.19,5.75,5.81,14.24
153,13.19,5.75,5.81,14.24
154,13.19,5.75,5.81,14.24
155,13.19,5.75,5.81,14.24
156,13.19,5.75,5.81,3.77
157,7.38,10.68,6.00,3.77
158,7.38,10.68,6.00,3.77
159,7.38,10.68,6.00,3.77
160,7.38,10.68,6.00,3.77
161,7.38,10.68,6.00,24.48
162,10.74,13.80,6.00,24.48
163,10.74,13.80,6.00,24.48
164,10.74,13.80,6.00,24.48
165,10.74,13.80,6.00,24.48
166,10.74,13.80,6.00,17.59
167,13.81,19.61,4.13,17.59
168,13.81,19.61,4.13,17.59
169,13.81,19.61,4.13,17.59
170,13.81,19.61,4.13,17.59
171,13.81,19.61,4.13,17.94
172,7.39,15.28,4.00,17.94
173,7.39,15.28,4.00,17.94
174,7.39,15.28,4.00,17.94
175,7.39,15.28,4.00,17.94
176,7.39,15.28,4.00,23.68
177,18.37,15.00,5.89,23.68
178,18.37,15.00,5.89,23.68
179,18.37,15.00,5.89,23.68
180,18.37,15.00,5.89,23.68
181,18.37,15.00,5.89,13.63
182,36.92,19.71,6.00,13.63
183,36.92,19.71,6.00,13.63
184,36.92,19.71,6.00,13.63
185,36.92,19.71,6.00,13.63
186,36.92,19.71,6.00,23.36
187,27.64,13.41,7.88,23.36
188,27.64,13.41,7.88,23.36
189,27.64,13.41,7.88,23.36
190,27.64,13.41,7.88,23.36
191,27.64,13.41,7.88,17.51
192,13.08,30.63,3.36,17.51
193,13.08,30.63,3.36,17.51
194,13.08,30.63,3.36,17.51
195,13.08,30.63,3.36,17.51
196,13.08,30.63,3.36,14.21
197,25.98,39.45,7.66,14.21
198,25.98,39.45,7.66,14.21
199,25.98,39.45,7.66,14.21
200,25.98,39.45,7.66,14.21
201,25.98,39.45,7.66,15.87
202,27.94,13.81,6.13,15.87
203,27.94,13.81,6.13,15.87
204,27.94,13.81,6.13,15.87
205,27.94,13.81,6.13,15.87
206,27.94,13.81,6.13,17.88
207,28.00,33.58,12.57,17.88
208,28.00,33.58,12.57,17.88
209,28.00,33.58,12.57,17.88
210,28.00,33.58,12.57,17.88
211,28.00,33.58,12.57,16.12
212,32.70,9.64,3.61,16.12
213,32.70,9.64,3.61,16.12
214,32.70,9.64,3.61,16.12
215,32.70,9.64,3.61,16.12
216,32.70,9.64,3.61,8.52
217,2.13,1.45,1.13,8.52
218,2.13,1.45,1.13,8.52
219,2.13,1.45,1.13,8.52
220,2.13,1.45,1.13,8.52
221,2.13,1.45,1.13,20.16
222,14.04,10.36,6.61,20.16
223,14.04,10.36,6.61,20.16
224,14.04,10.36,6.61,20.16
225,14.04,10.36,6.61,20.16
226,14.04,10.36,6.61,19.13
227,20.62,6.32,6.06,19.13
228,20.62,6.32,6.06,19.13
229,20.62,6.32,6.06,19.13
230,20.62,6.32,6.06,19.13
231,20.62,6.32,6.06,10.56
232,10.68,7.88,2.25,10.56
233,10.68,7.88,2.25,10.56
234,10.68,7.88,2.25,10.56
235,10.68,7.88,2.25,10.56
236,10.68,7.88,2.25,9.06
237,9.06,3.30,2.94,9.06
238,9.06,3.30,2.94,9.06
239,9.06,3.30,2.94,9.06
240,9.06,3.30,2.94,9.06
241,9.06,3.30,2.94,5.25
242,4.31,10.50,2.06,5.25
243,4.31,10.50,2.06,5.25
244,4.31,10.50,2.06,5.25
245,4.31,10.50,2.06,5.25
246,4.31,10.50,2.06,8.74
247,6.81,18.49,4.81,8.74
248,6.81,18.49,4.81,8.74
249,6.81,18.49,4.81,8.74
250,6.81,18.49,4.81,8.74
251,6.81,18.49,4.81,21.21
252,24.84,26.51,15.33,21.21
253,24.84,26.51,15.33,21.21
254,24.84,26.51,15.33,21.21
255,24.84,26.51,15.33,21.21
256,24.84,26.51,15.33,16.39
257,18.51,12.97,4.77,16.39
258,18.51,12.97,4.77,16.39
259,18.51,12.97,4.77,16.39
260,18.51,12.97,4.77,16.39
261,18.51,12.97,4.77,18.81
262,24.55,13.87,4.00,18.81
263,24.55,13.87,4.00,18.81
264,24.55,13.87,4.00,18.81
265,24.55,13.87,4.00,18.81
266,24.55,13.87,4.00,8.71
267,16.58,4.64,3.06,8.71
268,16.58,4.64,3.06,8.71
269,16.58,4.64,3.06,8.71
270,16.58,4.64,3.06,8.71
271,16.58,4.64,3.06,12.65
272,19.72,14.24,11.38,12.65
273,19.72,14.24,11.38,12.65
274,19.72,14.24,11.38,12.65
275,19.72,14.24,11.38,12.65
276,19.72,14.24,11.38,22.42
277,10.58,18.77,8.23,22.42
278,10.58,18.77,8.23,22.42
279,10.58,18.77,8.23,22.42
280,10.58,18.77,8.23,22.42
281,10.58,18.77,8.23,9.93
282,21.20,5.93,2.40,9.93
283,21.20,5.93,2.40,9.93
284,21.20,5.93,2.40,9.93
285,21.20,5.93,2.40,9.93
286,21.20,5.93,2.40,15.56
287,11.68,10.63,5.75,15.56
288,11.68,10.63,5.75,15.56
289,11.68,10.63,5.75,15.56
290,11.68,10.63,5.75,15.56
291,11.68,10.63,5.75,9.46
292,4.46,4.46,2.26,9.46
293,4.46,4.46,2.26,9.46
294,4.46,4.46,2.26,9.46
295,4.46,4.46,2.26,9.46
296,4.46,4.46,2.26,11.81
297,9.62,9.62,2.94,11.81
298,9.62,9.62,2.94,11.81
299,9.62,9.62,2.94,11.81
300,9.62,9.62,2.94,11.81
301,9.62,9.62,2.94,12.00
302,5.31,8.12,3.94,12.00
303,5.31,8.12,3.94,12.00
304,5.31,8.12,3.94,12.00
305,5.31,8.12,3.94,12.00
306,5.31,8.12,3.94,9.18
307,13.47,23.99,10.58,9.18
308,13.47,23.99,10.58,9.18
309,13.47,23.99,10.58,9.18
310,13.47,23.99,10.58,9.18
311,13.47,23.99,10.58,21.15
312,24.29,28.74,16.61,21.15
313,24.29,28.74,16.61,21.15
314,24.29,28.74,16.61,21.15
315,24.29,28.74,16.61,21.15
316,24.29,28.74,16.61,15.47
317,13.80,24.33,7.67,15.47
318,13.80,24.33,7.67,15.47
319,13.80,24.33,7.67,15.47
320,13.80,24.33,7.67,15.47
321,13.80,24.33,7.67,9.39
322,16.74,6.24,5.13,9.39
323,16.74,6.24,5.13,9.39
324,16.74,6.24,5.13,9.39
325,16.74,6.24,5.13,9.39
326,16.74,6.24,5.13,13.68
327,16.06,13.43,8.75,13.68
328,16.06,13.43,8.75,13.68
329,16.06,13.43,8.75,13.68
330,16.06,13.43,8.75,13.68
331,16.06,13.43,8.75,20.55
332,27.23,24.29,16.49,20.55
333,27.23,24.29,16.49,20.55
334,27.23,24.29,16.49,20.55
335,27.23,24.29,16.49,20.55
336,27.23,24.29,16.49,12.59
337,17.71,34.35,7.65,12.59
338,17.71,34.35,7.65,12.59
339,17.71,34.35,7.65,12.59
340,17.71,34.35,7.65,12.59
341,17.71,34.35,7.65,8.25
342,8.56,25.62,5.12,8.25
343,8.56,25.62,5.12,8.25
344,8.56,25.62,5.12,8.25
345,8.56,25.62,5.12,8.25
346,8.56,25.62,5.12,10.80
347,8.93,2.57,3.13,10.80
348,8.93,2.57,3.13,10.80
349,8.93,2.57,3.13,10.80
350,8.93,2.57,3.13,10.80
351,8.93,2.57,3.13,11.00
352,11.81,4.74,3.00,11.00
353,11.81,4.74,3.00,11.00
354,11.81,4.74,3.00,11.00
355,11.81,4.74,3.00,11.00
356,11.81,4.74,3.00,11.94
357,7.32,7.81,5.81,11.94
358,7.32,7.81,5.81,11.94
359,7.32,7.81,5.81,11.94
360,7.32,7.81,5.81,11.94
361,7.32,7.81,5.81,3.60
362,3.27,1.47,0.40,3.60
363,3.27,1.47,0.40,3.60
364,3.27,1.47,0.40,3.60
365,3.27,1.47,0.40,3.60
366,3.27,1.47,0.40,12.37
367,3.00,4.75,0.00,12.37
368,3.00,4.75,0.00,12.37
369,3.00,4.75,0.00,12.37
370,3.00,4.75,0.00,12.37
371,3.00,4.75,0.00,13.00
372,5.81,6.87,5.62,13.00
373,5.81,6.87,5.62,13.00
374,5.81,6.87,5.62,13.00
375,5.81,6.87,5.62,13.00
376,5.81,6.87,5.62,18.63
377,17.26,21.08,12.57,18.63
378,17.26,21.08,12.57,18.63
379,17.26,21.08,12.57,18.63
380,17.26,21.08,12.57,18.63
381,17.26,21.08,12.57,4.90
382,16.12,6.02,4.54,4.90
383,16.12,6.02,4.54,4.90
384,16.12,6.02,4.54,4.90
385,16.12,6.02,4.54,4.90
386,16.12,6.02,4.54,4.94
387,4.77,3.13,1.19,4.94
388,4.77,3.13,1.19,4.94
389,4.77,3.13,1.19,4.94
390,4.77,3.13,1.19,4.94
391,4.77,3.13,1.19,13.45
392,19.02,8.63,3.82,13.45
393,19.02,8.63,3.82,13.45
394,19.02,8.63,3.82,13.45
395,19.02,8.63,3.82,13.45
396,19.02,8.63,3.82,4.64
397,20.94,3.38,2.13,4.64
398,20.94,3.38,2.13,4.64
399,20.94,3.38,2.13,4.64
400,20.94,3.38,2.13,4.64
401,20.94,3.38,2.13,17.11
402,20.06,15.18,5.75,17.11
403,20.06,15.18,5.75,17.11
404,20.06,15.18,5.75,17.11
405,20.06,15.18,5.75,17.11
406,20.06,15.18,5.75,7.71
407,9.71,4.77,4.13,7.71
408,9.71,4.77,4.13,7.71
409,9.71,4.77,4.13,7.71
410,9.71,4.77,4.13,7.71
411,9.71,4.77,4.13,9.81
412,7.13,2.13,4.00,9.81
413,7.13,2.13,4.00,9.81
414,7.13,2.13,4.00,9.81
415,7.13,2.13,4.00,9.81
416,7.13,2.13,4.00,5.39
417,3.31,1.08,2.15,5.39
418,3.31,1.08,2.15,5.39
419,3.31,1.08,2.15,5.39
420,3.31,1.08,2.15,5.39
421,3.31,1.08,2.15,14.27
422,6.71,13.97,9.41,14.27
423,6.71,13.97,9.41,14.27
424,6.71,13.97,9.41,14.27
425,6.71,13.97,9.41,14.27
426,6.71,13.97,9.41,11.27
427,6.07,5.68,3.48,11.27
428,6.07,5.68,3.48,11.27
429,6.07,5.68,3.48,11.27
430,6.07,5.68,3.48,11.27
431,6.07,5.68,3.48,11.94
432,10.69,3.12,3.94,11.94
433,10.69,3.12,3.94,11.94
434,10.69,3.12,3.94,11.94
435,10.69,3.12,3.94,11.94
436,10.69,3.12,3.94,5.46
437,6.33,4.87,2.13,5.46
438,6.33,4.87,2.13,5.46
439,6.33,4.87,2.13,5.46
440,6.33,4.87,2.13,5.46
441,6.33,4.87,2.13,6.88
442,20.07,2.19,0.12,6.88
443,20.07,2.19,0.12,6.88
444,20.07,2.19,0.12,6.88
445,20.07,2.19,0.12,6.88
446,20.07,2.19,0.12,2.32
447,17.25,1.06,0.00,2.32
448,17.25,1.06,0.00,2.32
449,17.25,1.06,0.00,2.32
450,17.25,1.06,0.00,2.32
451,17.25,1.06,0.00,1.06
452,2.95,9.43,0.94,1.06
453,2.95,9.43,0.94,1.06
454,2.95,9.43,0.94,1.06
455,2.95,9.43,0.94,1.06
456,2.95,9.43,0.94,2.87
457,8.56,2.50,1.00,2.87
458,8.56,2.50,1.00,2.87
459,8.56,2.50,1.00,2.87
460,8.56,2.50,1.00,2.87
461,8.56,2.50,1.00,2.06
462,9.00,2.94,1.00,2.06
463,9.00,2.94,1.00,2.06
464,9.00,2.94,1.00,2.06
465,9.00,2.94,1.00,2.06
466,9.00,2.94,1.00,7.62
467,3.38,5.81,1.00,7.62
468,3.38,5.81,1.00,7.62
469,3.38,5.81,1.00,7.62
470,3.38,5.81,1.00,7.62
471,3.38,5.81,1.00,9.87
472,4.87,5.06,4.74,9.87
473,4.87,5.06,4.74,9.87
474,4.87,5.06,4.74,9.87
475,4.87,5.06,4.74,9.87
476,4.87,5.06,4.74,3.45
477,9.68,1.25,2.19,3.45
478,9.68,1.25,2.19,3.45
479,9.68,1.25,2.19,3.45
480,9.68,1.25,2.19,3.45
481,9.68,1.25,2.19,1.13
482,2.50,10.37,2.00,1.13
483,2.50,10.37,2.00,1.13
484,2.50,10.37,2.00,1.13
485,2.50,10.37,2.00,1.13
486,2.50,10.37,2.00,6.61
487,9.48,11.93,2.93,6.61
488,9.48,11.93,2.93,6.61
489,9.48,11.93,2.93,6.61
490,9.48,11.93,2.93,6.61
491,9.48,11.93,2.93,7.00
492,18.42,4.51,3.00,7.00
493,18.42,4.51,3.00,7.00
494,18.42,4.51,3.00,7.00
495,18.42,4.51,3.00,7.00
496,18.42,4.51,3.00,10.75
497,6.81,3.06,3.94,10.75
498,6.81,3.06,3.94,10.75
499,6.81,3.06,3.94,10.75
500,6.81,3.06,3.94,10.75
501,6.81,3.06,3.94,4.50
502,7.86,3.00,1.21,4.50
503,7.86,3.00,1.21,4.50
504,7.86,3.00,1.21,4.50
505,7.86,3.00,1.21,4.50
506,7.86,3.00,1.21,2.12
507,8.00,3.00,0.06,2.12
508,8.00,3.00,0.06,2.12
509,8.00,3.00,0.06,2.12
510,8.00,3.00,0.06,2.12
511,8.00,3.00,0.06,2.94
512,7.06,3.94,0.00,2.94
513,7.06,3.94,0.00,2.94
514,7.06,3.94,0.00,2.94
515,7.06,3.94,0.00,2.94
516,7.06,3.94,0.00,1.13
517,9.80,2.13,1.87,1.13
518,9.80,2.13,1.87,1.13
519,9.80,2.13,1.87,1.13
520,9.80,2.13,1.87,1.13
521,9.80,2.13,1.87,1.00
522,8.13,0.13,1.06,1.00
523,8.13,0.13,1.06,1.00
524,8.13,0.13,1.06,1.00
525,8.13,0.13,1.06,1.00
526,8.13,0.13,1.06,9.43
527,8.00,4.68,2.87,9.43
528,8.00,4.68,2.87,9.43
529,8.00,4.68,2.87,9.43
530,8.00,4.68,2.87,9.43
531,8.00,4.68,2.87,1.56
532,19.25,1.25,2.06,1.56
533,19.25,1.25,2.06,1.56
534,19.25,1.25,2.06,1.56
535,19.25,1.25,2.06,1.56
536,19.25,1.25,2.06,1.94
537,3.13,1.94,0.13,1.94
538,3.13,1.94,0.13,1.94
539,3.13,1.94,0.13,1.94
540,3.13,1.94,0.13,1.94
541,3.13,1.94,0.13,3.87
542,1.06,1.06,0.00,3.87
543,1.06,1.06,0.00,3.87
544,1.06,1.06,0.00,3.87
545,1.06,1.06,0.00,3.87
546,1.06,1.06,0.00,3.07
547,6.61,4.74,2.80,3.07
548,6.61,4.74,2.80,3.07
549,6.61,4.74,2.80,3.07
550,6.61,4.74,2.80,3.07
551,6.61,4.74,2.80,5.78
552,0.51,1.29,1.15,5.78
553,0.51,1.29,1.15,5.78
554,0.51,1.29,1.15,5.78
555,0.51,1.29,1.15,5.78
556,0.51,1.29,1.15,6.00
557,2.81,1.00,1.00,6.00
558,2.81,1.00,1.00,6.00
559,2.81,1.00,1.00,6.00
560,2.81,1.00,1.00,6.00
561,2.81,1.00,1.00,5.07
562,3.00,1.94,1.00,5.07
563,3.00,1.94,1.00,5.07
564,3.00,1.94,1.00,5.07
565,3.00,1.94,1.00,5.07
566,3.00,1.94,1.00,5.00
567,1.12,2.94,1.94,5.00
568,1.12,2.94,1.94,5.00
569,1.12,2.94,1.94,5.00
570,1.12,2.94,1.94,5.00
571,1.12,2.94,1.94,12.48
572,3.81,5.81,2.00,12.48
573,3.81,5.81,2.00,12.48
574,3.81,5.81,2.00,12.48
575,3.81,5.81,2.00,12.48
576,3.81,5.81,2.00,5.48
577,0.24,4.12,2.00,5.48
578,0.24,4.12,2.00,5.48
579,0.24,4.12,2.00,5.48
580,0.24,4.12,2.00,5.48
581,0.24,4.12,2.00,5.00
582,2.79,4.00,1.07,5.00
583,2.79,4.00,1.07,5.00
584,2.79,4.00,1.07,5.00
585,2.79,4.00,1.07,5.00
586,2.79,4.00,1.07,5.00
587,1.12,2.12,1.94,5.00
588,1.12,2.12,1.94,5.00
589,1.12,2.12,1.94,5.00
590,1.12,2.12,1.94,5.00
591,1.12,2.12,1.94,4.06
592,3.81,0.12,1.06,4.06
593,3.81,0.12,1.06,4.06
594,3.81,0.12,1.06,4.06
595,3.81,0.12,1.06,4.06
596,3.81,0.12,1.06,6.81
597,2.12,0.94,0.06,6.81
598,2.12,0.94,0.06,6.81
599,2.12,0.94,0.06,6.81
600,2.12,0.94,0.06,6.81
601,2.12,0.94,0.06,5.13
602,2.94,0.06,1.87,5.13
603,2.94,0.06,1.87,5.13
604,2.94,0.06,1.87,5.13
605,2.94,0.06,1.87,5.13
606,2.94,0.06,1.87,5.00
607,2.06,0.00,1.06,5.00
608,2.06,0.00,1.06,5.00
609,2.06,0.00,1.06,5.00
610,2.06,0.00,1.06,5.00
611,2.06,0.00,1.06,4.06
612,1.06,3.75,0.06,4.06
613,1.06,3.75,0.06,4.06
614,1.06,3.75,0.06,4.06
615,1.06,3.75,0.06,4.06
616,1.06,3.75,0.06,1.19
617,0.06,3.06,0.00,1.19
618,0.06,3.06,0.00,1.19
619,0.06,3.06,0.00,1.19
620,0.06,3.06,0.00,1.19
621,0.06,3.06,0.00,1.00
622,0.93,2.07,0.93,1.00
623,0.93,2.07,0.93,1.00
624,0.93,2.07,0.93,1.00
625,0.93,2.07,0.93,1.00
626,0.93,2.07,0.93,1.94
627,1.94,1.06,0.06,1.94
628,1.94,1.06,0.06,1.94
629,1.94,1.06,0.06,1.94
630,1.94,1.06,0.06,1.94
631,1.94,1.06,0.06,1.06
632,1.06,3.81,0.94,1.06
633,1.06,3.81,0.94,1.06
634,1.06,3.81,0.94,1.06
635,1.06,3.81,0.94,1.06
636,1.06,3.81,0.94,1.00
637,1.00,2.13,0.06,1.00
638,1.00,2.13,0.06,1.00
639,1.00,2.13,0.06,1.00
640,1.00,2.13,0.06,1.00
641,1.00,2.13,0.06,1.00
642,1.00,2.94,0.00,1.00
643,1.00,2.94,0.00,1.00
644,1.00,2.94,0.00,1.00
645,1.00,2.94,0.00,1.00
646,1.00,2.94,0.00,1.94
647,1.94,1.13,0.00,1.94
648,1.94,1.13,0.00,1.94
649,1.94,1.13,0.00,1.94
650,1.94,1.13,0.00,1.94
651,1.94,1.13,0.00,1.06
652,1.06,1.94,0.94,1.06
653,1.06,1.94,0.94,1.06
654,1.06,1.94,0.94,1.06
655,1.06,1.94,0.94,1.06
656,1.06,1.94,0.94,1.00
657,1.94,0.13,1.00,1.00
658,1.94,0.13,1.00,1.00
659,1.94,0.13,1.00,1.00
660,1.94,0.13,1.00,1.00
661,1.94,0.13,1.00,1.94
662,2.00,0.00,0.06,1.94
663,2.00,0.00,0.06,1.94
664,2.00,0.00,0.06,1.94
665,2.00,0.00,0.06,1.94
666,2.00,0.00,0.06,2.00
667,1.06,0.94,3.75,2.00
668,1.06,0.94,3.75,2.00
669,1.06,0.94,3.75,2.00
670,1.06,0.94,3.75,2.00
671,1.06,0.94,3.75,3.87
672,0.06,0.06,0.25,3.87
673,0.06,0.06,0.25,3.87
674,0.06,0.06,0.25,3.87
675,0.06,0.06,0.25,3.87
676,0.06,0.06,0.25,3.07
677,2.80,0.93,1.86,3.07
678,2.80,0.93,1.86,3.07
679,2.80,0.93,1.86,3.07
680,2.80,0.93,1.86,3.07
681,2.80,0.93,1.86,1.13
682,1.13,0.06,0.13,1.13
683,1.13,0.06,0.13,1.13
684,1.13,0.06,0.13,1.13
685,1.13,0.06,0.13,1.13
686,1.13,0.06,0.13,1.00
687,1.00,0.00,0.00,1.00
688,1.00,0.00,0.00,1.00
689,1.00,0.00,0.00,1.00
690,1.00,0.00,0.00,1.00
691,1.00,0.00,0.00,2.87
692,1.00,0.00,0.00,2.87
693,1.00,0.00,0.00,2.87
694,1.00,0.00,0.00,2.87
695,1.00,0.00,0.00,2.87
696,1.00,0.00,0.00,2.06
697,6.62,0.00,0.94,2.06
698,6.62,0.00,0.94,2.06
699,6.62,0.00,0.94,2.06
700,6.62,0.00,0.94,2.06
701,6.62,0.00,0.94,0.13
702,4.19,0.00,1.00,0.13
703,4.19,0.00,1.00,0.13
704,4.19,0.00,1.00,0.13
705,4.19,0.00,1.00,0.13
706,4.19,0.00,1.00,3.71
707,0.29,0.00,1.00,3.71
708,0.29,0.00,1.00,3.71
709,0.29,0.00,1.00,3.71
710,0.29,0.00,1.00,3.71
711,0.29,0.00,1.00,2.13
712,3.74,0.00,0.07,2.13
713,3.74,0.00,0.07,2.13
714,3.74,0.00,0.07,2.13
715,3.74,0.00,0.07,2.13
716,3.74,0.00,0.07,0.12
717,4.94,0.00,0.00,0.12
718,4.94,0.00,0.00,0.12
719,4.94,0.00,0.00,0.12
720,4.94,0.00,0.00,0.12
721,4.94,0.00,0.00,1.87
722,5.94,0.00,0.00,1.87
723,5.94,0.00,0.00,1.87
724,5.94,0.00,0.00,1.87
725,5.94,0.00,0.00,1.87
726,5.94,0.00,0.00,2.94
727,1.32,1.87,0.00,2.94
728,1.32,1.87,0.00,2.94
729,1.32,1.87,0.00,2.94
730,1.32,1.87,0.00,2.94
731,1.32,1.87,0.00,3.94
732,1.00,1.06,0.94,3.94
733,1.00,1.06,0.94,3.94
734,1.00,1.06,0.94,3.94
735,1.00,1.06,0.94,3.94
736,1.00,1.06,0.94,0.26
737,4.74,0.06,0.06,0.26
738,4.74,0.06,0.06,0.26
739,4.74,0.06,0.06,0.26
740,4.74,0.06,0.06,0.26
741,4.74,0.06,0.06,0.94
742,4.06,0.00,0.00,0.94
743,4.06,0.00,0.00,0.94
744,4.06,0.00,0.00,0.94
745,4.06,0.00,0.00,0.94
746,4.06,0.00,0.00,1.00
747,3.06,0.94,0.00,1.00
748,3.06,0.94,0.00,1.00
749,3.06,0.94,0.00,1.00
750,3.06,0.94,0.00,1.00
751,3.06,0.94,0.00,2.87
752,1.13,1.94,0.00,2.87
753,1.13,1.94,0.00,2.87
754,1.13,1.94,0.00,2.87
755,1.13,1.94,0.00,2.87
756,1.13,1.94,0.00,3.00
757,1.00,1.07,0.00,3.00
758,1.00,1.07,0.00,3.00
759,1.00,1.07,0.00,3.00
760,1.00,1.07,0.00,3.00
761,1.00,1.07,0.00,1.13
762,3.80,0.07,0.00,1.13
763,3.80,0.07,0.00,1.13
764,3.80,0.07,0.00,1.13
765,3.80,0.07,0.00,1.13
766,3.80,0.07,0.00,0.06
767,4.00,0.94,0.00,0.06
768,4.00,0.94,0.00,0.06
769,4.00,0.94,0.00,0.06
770,4.00,0.94,0.00,0.06
771,4.00,0.94,0.00,3.76
772,1.18,1.00,0.94,3.76
773,1.18,1.00,0.94,3.76
774,1.18,1.00,0.94,3.76
775,1.18,1.00,0.94,3.76
776,1.18,1.00,0.94,1.19
777,1.00,3.81,0.06,1.19
778,1.00,3.81,0.06,1.19
779,1.00,3.81,0.06,1.19
780,1.00,3.81,0.06,1.19
781,1.00,3.81,0.06,1.94
782,1.94,0.26,0.00,1.94
783,1.94,0.26,0.00,1.94
784,1.94,0.26,0.00,1.94
785,1.94,0.26,0.00,1.94
786,1.94,0.26,0.00,1.06
787,4.82,0.00,0.00,1.06
788,4.82,0.00,0.00,1.06
789,4.82,0.00,0.00,1.06
790,4.82,0.00,0.00,1.06
791,4.82,0.00,0.00,1.00
792,4.06,0.94,0.00,1.00
793,4.06,0.94,0.00,1.00
794,4.06,0.94,0.00,1.00
795,4.06,0.94,0.00,1.00
796,4.06,0.94,0.00,2.88
797,2.12,1.94,1.88,2.88
798,2.12,1.94,1.88,2.88
799,2.12,1.94,1.88,2.88
800,2.12,1.94,1.88,2.88
801,2.12,1.94,1.88,2.07
802,2.00,2.00,0.13,2.07
803,2.00,2.00,0.13,2.07
804,2.00,2.00,0.13,2.07
805,2.00,2.00,0.13,2.07
806,2.00,2.00,0.13,1.07
807,4.80,1.07,0.00,1.07
808,4.80,1.07,0.00,1.07
809,4.80,1.07,0.00,1.07
810,4.80,1.07,0.00,1.07
811,4.80,1.07,0.00,1.00
812,5.00,1.00,0.00,1.00
813,5.00,1.00,0.00,1.00
814,5.00,1.00,0.00,1.00
815,5.00,1.00,0.00,1.00
816,5.00,1.00,0.00,1.94
817,2.18,1.00,0.94,1.94
818,2.18,1.00,0.94,1.94
819,2.18,1.00,0.94,1.94
820,2.18,1.00,0.94,1.94
821,2.18,1.00,0.94,1.07
822,0.14,4.72,0.07,1.07
823,0.14,4.72,0.07,1.07
824,0.14,4.72,0.07,1.07
825,0.14,4.72,0.07,1.07
826,0.14,4.72,0.07,1.95
827,0.00,3.10,0.00,1.95
828,0.00,3.10,0.00,1.95
829,0.00,3.10,0.00,1.95
830,0.00,3.10,0.00,1.95
831,0.00,3.10,0.00,1.06
832,5.63,0.18,0.94,1.06
833,5.63,0.18,0.94,1.06
834,5.63,0.18,0.94,1.06
835,5.63,0.18,0.94,1.06
836,5.63,0.18,0.94,1.00
837,4.13,0.00,1.00,1.00
838,4.13,0.00,1.00,1.00
839,4.13,0.00,1.00,1.00
840,4.13,0.00,1.00,1.00
841,4.13,0.00,1.00,1.94
842,4.00,0.00,0.06,1.94
843,4.00,0.00,0.06,1.94
844,4.00,0.00,0.06,1.94
845,4.00,0.00,0.06,1.94
846,4.00,0.00,0.06,1.06
847,3.06,0.00,0.00,1.06
848,3.06,0.00,0.00,1.06
849,3.06,0.00,0.00,1.06
850,3.06,0.00,0.00,1.06
851,3.06,0.00,0.00,1.94
852,3.94,0.00,0.00,1.94
853,3.94,0.00,0.00,1.94
854,3.94,0.00,0.00,1.94
855,3.94,0.00,0.00,1.94
856,3.94,0.00,0.00,0.13
857,3.06,0.94,0.94,0.13
858,3.06,0.94,0.94,0.13
859,3.06,0.94,0.94,0.13
860,3.06,0.94,0.94,0.13
861,3.06,0.94,0.94,0.94
862,3.00,0.06,0.06,0.94
863,3.00,0.06,0.06,0.94
864,3.00,0.06,0.06,0.94
865,3.00,0.06,0.06,0.94
866,3.00,0.06,0.06,1.93
867,3.00,0.00,0.00,1.93
868,3.00,0.00,0.00,1.93
869,3.00,0.00,0.00,1.93
870,3.00,0.00,0.00,1.93
871,3.00,0.00,0.00,1.06
872,1.13,4.69,1.87,1.06
873,1.13,4.69,1.87,1.06
874,1.13,4.69,1.87,1.06
875,1.13,4.69,1.87,1.06
876,1.13,4.69,1.87,2.88
877,1.00,3.12,2.00,2.88
878,1.00,3.12,2.00,2.88
879,1.00,3.12,2.00,2.88
880,1.00,3.12,2.00,2.88
881,1.00,3.12,2.00,4.88
882,2.88,0.17,0.12,4.88
883,2.88,0.17,0.12,4.88
884,2.88,0.17,0.12,4.88
885,2.88,0.17,0.12,4.88
886,2.88,0.17,0.12,2.21
887,3.00,4.66,1.86,2.21
888,3.00,4.66,1.86,2.21
889,3.00,4.66,1.86,2.21
890,3.00,4.66,1.86,2.21
891,3.00,4.66,1.86,7.63
892,5.81,3.12,2.94,7.63
893,5.81,3.12,2.94,7.63
894,5.81,3.12,2.94,7.63
895,5.81,3.12,2.94,7.63
896,5.81,3.12,2.94,14.55
897,27.53,42.32,5.81,14.55
898,27.53,42.32,5.81,14.55
899,27.53,42.32,5.81,14.55
900,27.53,42.32,5.81,14.55
901,27.53,42.32,5.81,6.57
902,14.95,31.89,5.06,6.57
903,14.95,31.89,5.06,6.57
904,14.95,31.89,5.06,6.57
905,14.95,31.89,5.06,6.57
906,14.95,31.89,5.06,11.60
907,17.74,28.20,6.87,11.60
908,17.74,28.20,6.87,11.60
909,17.74,28.20,6.87,11.60
910,17.74,28.20,6.87,11.60
911,17.74,28.20,6.87,15.74
912,8.65,22.39,7.93,15.74
913,8.65,22.39,7.93,15.74
914,8.65,22.39,7.93,15.74
915,8.65,22.39,7.93,15.74
916,8.65,22.39,7.93,11.31
917,19.25,28.56,7.06,11.31
918,19.25,28.56,7.06,11.31
919,19.25,28.56,7.06,11.31
920,19.25,28.56,7.06,11.31
921,19.25,28.56,7.06,8.19
922,15.31,21.50,6.06,8.19
923,15.31,21.50,6.06,8.19
924,15.31,21.50,6.06,8.19
925,15.31,21.50,6.06,8.19
926,15.31,21.50,6.06,2.39
927,2.85,2.30,0.39,2.39
928,2.85,2.30,0.39,2.39
929,2.85,2.30,0.39,2.39
930,2.85,2.30,0.39,2.39
931,2.85,2.30,0.39,2.00
932,1.06,0.06,0.00,2.00
933,1.06,0.06,0.00,2.00
934,1.06,0.06,0.00,2.00
935,1.06,0.06,0.00,2.00
936,1.06,0.06,0.00,1.07
937,0.07,1.87,0.00,1.07
938,0.07,1.87,0.00,1.07
939,0.07,1.87,0.00,1.07
940,0.07,1.87,0.00,1.07
941,0.07,1.87,0.00,1.00
942,0.93,1.07,0.00,1.00
943,0.93,1.07,0.00,1.00
944,0.93,1.07,0.00,1.00
945,0.93,1.07,0.00,1.00
946,0.93,1.07,0.00,0.07
947,0.07,1.93,0.93,0.07
948,0.07,1.93,0.93,0.07
949,0.07,1.93,0.93,0.07
950,0.07,1.93,0.93,0.07
951,0.07,1.93,0.93,2.81
952,2.81,2.00,1.94,2.81
953,2.81,2.00,1.94,2.81
954,2.81,2.00,1.94,2.81
955,2.81,2.00,1.94,2.81
956,2.81,2.00,1.94,10.47
957,2.07,19.74,4.80,10.47
958,2.07,19.74,4.80,10.47
959,2.07,19.74,4.80,10.47
960,2.07,19.74,4.80,10.47
961,2.07,19.74,4.80,3.49
962,0.12,4.09,0.30,3.49
963,0.12,4.09,0.30,3.49
964,0.12,4.09,0.30,3.49
965,0.12,4.09,0.30,3.49
966,0.12,4.09,0.30,1.14
967,0.00,3.00,0.93,1.14
968,0.00,3.00,0.93,1.14
969,0.00,3.00,0.93,1.14
970,0.00,3.00,0.93,1.14
971,0.00,3.00,0.93,2.88
972,0.00,2.06,1.00,2.88
973,0.00,2.06,1.00,2.88
974,0.00,2.06,1.00,2.88
975,0.00,2.06,1.00,2.88
976,0.00,2.06,1.00,2.06
977,1.87,0.13,1.94,2.06
978,1.87,0.13,1.94,2.06
979,1.87,0.13,1.94,2.06
980,1.87,0.13,1.94,2.06
981,1.87,0.13,1.94,2.93
982,0.13,0.93,1.07,2.93
983,0.13,0.93,1.07,2.93
984,0.13,0.93,1.07,2.93
985,0.13,0.93,1.07,2.93
986,0.13,0.93,1.07,1.12
987,0.00,1.94,1.00,1.12
988,0.00,1.94,1.00,1.12
989,0.00,1.94,1.00,1.12
990,0.00,1.94,1.00,1.12
991,0.00,1.94,1.00,1.00
992,0.00,2.94,0.06,1.00
993,0.00,2.94,0.06,1.00
994,0.00,2.94,0.06,1.00
995,0.00,2.94,0.06,1.00
996,0.00,2.94,0.06,1.94
997,0.94,1.12,0.00,1.94
998,0.94,1.12,0.00,1.94
999,0.94,1.12,0.00,1.94
1000,0.94,1.12,0.00,1.94

